$ANSIBLE_VAULT;1.1;AES256
65373034626461383761363264616335613962666164376330306266346535336164346461333464
3133663632663663336230343738393433303136316532380a393962623235316462393266303036
30663463663031373832616130626531373032316665326536613633336432393637333632326264
6135356132313231390a623135613663336639623439306266616137323033663237303232386234
65393338663162383264643735313264323161623265386161363366663438643533356238393863
62663636636536616465613434356562623039306538666435336234316664303837343034626562
61383366363639323466353537333863303231363038616336363065393932613738343831646232
34336232303664643730633465386233313365323364636561666433336334633366333139346562
32353336636261626232366133326635356566623865396133663331353633323561626437343964
36333962353838636231633233633866393936623232623461343365366639366135353534383364
31303564303331353731643664373333363133613730396565356363326236623131616237613264
36653935363333343239373961336338663031323864303262623335613930633638643231303432
35633031376633396165353763613966613139393864383665323261386438306463613937323636
35626264666631383566376263323432353536326139363763386235623461393765356563623466
35636563316362383265616263623066383161373864353962646138346433643364383630386330
36383430313263336637383637383136373861303862623838353830373139313535393235663961
34303832386238323961323764353466366536636530613338333861623736656661383230316164
66353336356663356664306633643232353464373630613735636366363563343636666332643939
62626335386430646134313131646134346230396430323338393935633535333730303932323238
65393039396564636166383433313530336438366663643531616634313139346138343631656365
32366534653734643936653034396339373036653136336665323961303739376639383630653833
32303739363731653861373963306333636263613965613036393439643062333638383437383761
32323539633765343732646633386339323038386535623961613337373065646261623832373335
33383130356337303736376539333231353833393331316564346364333035626565633632353334
66383135663437393461316632326463313062393435356165663762653832373338376439346664
39653735346138633864663664303432323162646364313433666538653039393164636663326463
34303032373935303935343466643662383230663163363363373963653634663630646263383561
63363437646662613163323062376438393039353033646530613131623764336539336433353639
33666238376236383461336462343631313830663662366164313737373663663161653266306339
61646366306138313338313430353732656363386664386161623861393939623838333539626336
31313265383138633537636231666333653436613737336430656436643231316361623430613235
62623733653139306364663931353236323731346235366164393839346330313439663531336435
63303864393365613034616262373333353037623030376434633033383932623233613164343239
63303233313965353838376462646430346662343730333439396665653964303164383332306164
37656637396362336631626533373636643038626434383631633837333635656135306536653561
64343763313734663932656533643766386136653062393964613535363864306231366239613063
31656461643035646266656537353930376465633665666463646532376534363633396665343863
39303832663634633266363333613761313465393966396436373331326135636239663234366566
37306636343338663631343431393038323338363030636530633532633434623965666532643739
64323038326133386666306435626331353362363031643835613838373239316431653833663034
31616634623563373834366130633833323431303030396261343234303231666634393834306435
34633037343539666364386330633334306336363563613963373039633330633438343533326663
34636363336131303066623739373661386536663538343030316237386630346434333335393136
34353531626331613638306237393731626662313064646166663363303936386564653262613564
62343635306530373833333635653034643362376235653237666362393333326633366563656565
64643134326464376633323965343632656363643166323333306430343465333734623364363630
32343836326635346635633739613561376435353162366339663866666164373031633533656631
62313636663363313665646434346332346138316365356233653336643032323465353966646137
37373763363162613861396663316164333538613966653237623234653435333763373134636637
66333366366530326531396130633966616132663234666637653931353931336539363734306266
62616635313135353734376265633962663231653261383965383337616664316164323632373938
37646538666435313034393530643136626636663463306333613430396663633638343964643534
33323633353832316665666338666266376234656330633461373661646637393832326361343564
30393835353134656636326333373231323834393161386362646137656636643839336364366632
30326133663530316436656438373632633762663662316338316130306334353266636663343639
34653639326331336237343938643036613033383039636433306465303765636665363466386535
31336663653430666432663438623933326634303737633335626236646637313731633862666330
37623665643033633464363732306430316165393836393730336435623830626561386637396563
35303764306662313834323162666631643865613738343064396332356233616534616665326134
65363931393765656139333131623063393962336437393434623535366561386536356534643261
61646631366432633238316635393366666162373564313633306465373237393233376564383437
39356362663839336561646234666137313437316264616562343639643937306235373334353565
31323366616161643539373030626164386539646361366630386666653764623763306363626234
63616266353166356361616261336530613964333230333764346436326332326336643764376664
33326435363635626461316237356263626366316666613638633636636662393733643765636331
38386139656534323539343362313035623832333431303061613731386633383765393063633437
36613738353661633230316565356663636137613430383634333938393065373431376666643036
31623366333732656462323037643138313238386263666633323633383066396633363966363931
64393132346339643733643236643165633637653438663032656165653535376138386139353930
37663236636361656166663061376430316362333561396232313363623135333736366330306662
33666337363863323164363132343231653263396365333132353237616132376363393635643631
63633434386630666563626632623662633262663066363934626364613437643165386535616239
64393338363065363237643638373139656562623961346233356664306339663634316264633830
65636466366134643363393663643365646631316234363733373033343836333937616662343461
39393635646563393330356539626537616666353162343062326633356435663365386234626530
36633039396136653530356130643737326238386663376338613333656233303338333236346132
66396266363633613635303661643339383763346665616663626663613031636534623337336232
63653836383039666233363631653131373833313962303432306565613864393135623735323339
39613137343336353634333566383031616337316331333235323964326230373236393938376537
62393063623333333835353038346165626661363165356138633066366232323761326164633739
32373661376430333565396336666331393330343537313632303466663839396636666136633235
32306232353863303466623363343762633635373934366533303331393830616138366564323438
36633434383361633262313464653430663138323737356161383030636362363034313334636230
33363539663232303636656633373262356364363666386561366131646233393230316338373335
32326135316331366238306232656132643330313139643637643666373031393534343465376363
62326161666639366338353765353139333337653732353631333463353636356230373638366433
31363466353237643932383365353533653132393338356263653464366463633939336563376634
34303739663139326632306333623233343039353863303761653432626134636364366164376533
63656633636437643033356338333664373937316366306437393332623332623530626562336233
65656335643030306362656434313565323335623761633264303261653065383163396566346237
39306630633866363365313535306166633035633934653239636538623865316266633864366466
38313930643532623535376237386338643762323630633565303235646536353061303063343234
32363837623565353565636562643061323565393836383063353864313137646632376363623164
31306464666133646631323438316538323565303265383632353662336337313435626532616638
32373532336139343764656463623232373139646437643362613336343539653333313137643533
64303965306137343163643934363534313637396363313162643930383661363365326537323363
39653837313032306139636530353830373234343730353364373764373538646631613239383332
38303437336464323232613662616365393137323035336164623562336561633763366437383636
33356465343365316433373966653461396233623466393735633064633138656335323835646538
33363265323461313235363235653638353535356434643565643731333632306333633465653361
32616634333366633933613530656435613838366235353434323232336164333137616463373965
66633766363362323339353331376331663834366163656137626439643662623034313638653266
32396363393039613333363339346465313561363465613465643565393237613839366131656632
63363336386431643033383364653834313232623539613833653565613631613836306339336139
30366163336465396333373337363263383234356263323331316539636164336139313663656163
30383933663836373466393562363961356136616563386435313537373830656264626662333137
65383638363061353439383537323561623738326462356237613234366631393836343764353939
62656263663436386130663164326131396231666134666563303665616364313530656134393665
32343264626132356130343230623861396137363532383165393735633663666338616535386161
38326162663632646466376361303666333633303363356338343334363639353963323338666538
31306537633366663933323230643830323031323765336635626638366136646466303033663536
33656235303431386664363838336461383639306133623133616536326536633865306166396165
37653366393234343961326331643465643966346535306431363464343332636462356334393863
39343833326562396634356531373935626261666237626236343138356232336438386463353065
65363639326230633234393536343038333966383330353564323733386664396465666136643831
63346130376638313032363962666364343130376430313635316561633431356630613864343533
64323136383230646236636164643830396438383130633334356630316531643431646662393939
64386437393032386163396362323563643839326566306235393066623636666364366163383161
39666161643463383936303138336166393130303166303563653335623634613434333464653539
32633061313664383034303263626135613837396133653236653365396231333237353831383736
34643930653234646632316237353366653564616638383631363331633961383464663338383565
65623035313363646638653832663730666566376665613731386663633536623338323166346232
38333830623030663030373930343138383766643064373238336634376466663438383031666332
39316533383465323230353534393434303663363539336165336631343265626233356264636536
63343637323436626639306565323962366437633862346665663062343133653366333131316433
33626534333035386639333363386465656131343739393534333036623161386631323661623038
61626136393862613535633765646664383733633439633766373233333237363731386132646435
66316538656639376264366566353435383561346461343338356331643866346464346433336466
36623636643536393035303836386139356339313265636663343964373334306262633931346362
32303930643836306133306264306538326135663566333061656536366661643631346264646436
38346138343131383463316538366631383731613565643765316437343861316336646564646262
30363132383134316265336266663666653235343530393237343031323064303231366134643565
34393934653961333532333532643530636139323530356431363464316262646561623164326432
61316563643763363231626538633737616262663830646437663864616433613937303338656536
61376632363364336564663338303331306432363835376631656532616564663766343030356561
33353639653762303039633034633463346334326437366330393130306365623634383831626438
35356663313263393262363361396131333235343438653664633736323432376366313936393539
35663432316161626434366165643636313635663333383830343366313536343731633936653233
65646161633538306166383265383064356436343836313136393237373361363632613334346339
37633765643034616430363965313539323361363731653265663232626632363032313433343030
35343038626266313563346464383066386538373166366433366462343933393063653337636166
34626539356663323131626632356637643031646663613639306239396533313566303131383832
34306134303638343238663239633339393362326138343837306637333236336533333066633430
32343437313739356436633766616131393562356562363432366236623366343935326337633232
31663739633766383133616563303566353564353738333465343236363765386630626130626330
37313031333832623966646236663939343465643734373832373631383433343934373534656434
62333566613465633761393765373930633736396538386162343936306132316133313263343066
65306163636332616234646531363339636162343962366633303435646335623233313165376231
35366165313936303061653839383536646537336562383838656161316534636265323833336633
62366632376539353535626161616165653839373366626134343933336335626138643365363962
39343334373565623430626435623934343633306134623737333462353735316536633038336461
34653564346262346332633134623737366133346362313364626133353230343263396330346363
30653633386531333930373236366465623966643965316138333033663064663039623431663338
38613833623338363365656334323838333563336136396665333034316364373662343262663166
62633561313634363362376163383063613431363035656562616266623236636334663335306137
35373964356130386431623632366435653432373439626266633166313638386164313534343534
32356532633233616131623335323431613437653762646135383038663262306239303037666339
64363630626531366634373235386631363562636532393337326630383031663562356231636265
33613664353238333438393563356231373330346562326266346631353739633639323332373366
66303666313238616462666464356539653566346531393261643263613664663166353031393431
30333766366235383536616262626164333766343432663564663133386662376232376335313236
61633839336636323137333663633032383535393866636464386664623138623335363335663765
62663236303538376632326534393930323663613932646266373736656261383561663533333134
65636434646663613834633462623637346537316334643462383932343336366165313135353564
39393931386166666230383736376134623831303531623038393461346566303266376231383134
64376237383632626531653234633335643766386363303364623930356430323566623165633037
38613563373036313730653035376465613937623062653061656665396435646239666266393835
31353531623065303137646338363533313132373736633633636666623531393265376364636665
61313864353835336661346635366637393131313161373666396463343832613662623638353863
61346363333732353839393965376637633436393561393036616265383262643234343834326166
39653834646439346463336233623166613261353464393362313234623333356366616234303239
36626566653939393165336334386366313832346331353465663965313064633066653731373163
37323365363763613930613562313164633938316166313339653034663136343338646561663761
30363234373334323233346536373164346233346466663438363731643634623430633461643934
64633639393861373665376134613235333061386439643564656630376136613634396565336263
38326663623664653238623236336435383031323863626463333838646236383535383865366436
39373461303761316133383962646162303764326135616235313737373835313133383835353138
31373138643830363963626262373833373832313566613238613038623338316334616339643036
36613333316634643333393862343066386634373464636137333839386165306535313561316565
62303864623333386631646535393430323438366639383931346661633038383931343433323861
35303166353932613036313335346266353633636261363036363961643166393130366131383630
61313233383562363233653537656466643165613137323861336537613164343635353664643935
38326434386237653330376633643031333137393265323335383966376139333261336163323063
36343833633163633134356534313238363837313665373335656238366461383532663734616233
32643537386436313861323262656334303732353335353730366639306336323464666234366339
30353336623737333063663763373163343231313362656266616361613739613535356631623331
36306337323539613337353765376533616439366135333833633739393833396265623836316661
66623838336635313638616265306566623063316434303463373230323630316133636639373533
34666434656565613662376162646331663565343233363436666238626531656338326232653365
36323265363664333535313830386661393433363230643734376239663532346632653330356162
65663933333334346531336334386133353733383862383434386531666539653336393439653064
62363932393531356464386466383839633832376566316466633165643361316462633538333439
35356335663064663166326430633161373132343139323732393532386165316163393337323834
33663535663361653565396566323930373130383638323039643332393862376364373039373531
37616434363461376131343332623266366531633436306465383763646366656133623063363766
31343162646532373164663230396235663864373638623433396238303964306330353431626339
35343531633232653237326431643563303932316630313762616432663532343830343766346338
35626666343638616639636562643861353262313863393039353830636238383731346331663461
64646136373831376331383365633961333437353934386131343164303135346136363834633164
64653735653838303663306262313235666636393366383364663535643837663531626334323862
34393063623436663862326161393163353063363832346333643635653132646339643832646138
34626435383730323866626164366664613535656162323834616136666633636163366663303731
38336533646564333665303739326535663934386137316138616239626533626130383936316230
63343664653135653536613635383736303138666134383631616135653133366537666266616664
66393638313236653135343663326431393465313434373335613462393866396535393837666333
30366132623263373435316666323265376165363532356232626361623336666666363835643039
37376636663662363131333865613464633235393035326266663737643631323331303266376337
62633836633464633562313133663863303064653836383335373635643164383933623662386562
62633463363939303266323930333330393934646236653430306263396263616466613065346461
64613530343334396162636139626332333439383366376131633535386639653735373637633163
61656632323633613334343737366430306539393932366338323066386234656231646561616164
36393864613030386562643363393437663130343765343139316339323839373235623235386334
64366536653437386163636335346438633064623163666463313133623363653632643430653835
63396134353961326666623539353366613431336664636230623235626561376232633763646264
65336430633065346362333832396562313536643266353131303466313263363435623839333061
36623964386135663235653465393266376131633932646662333934373238386334666332356562
61396639666336626235383733663533643235666437306563653733363139643139366430636463
62346462623062643337633438623231633263646234316136323565306136613636323232383330
62363638623463326165646563356630346666326261633666643965373131343339343234396263
30343164626439376230616261346362353761313632653733646263333939663366303064666638
63343962366539393639363133363065336462653630303031366437656664303135323363373839
32343961303638326164636433373435643061373465343739613964336135373434326632373864
64363562376533393631643233656165303438636134613965303935313337646365393966313562
62663733643866323833623964383034383739663563346566313835343132333365326132376161
34313965666231326630393762356464323135336532613733383466326530383930303733656539
63323335363761643765633539366534353032333761313338303036346636353963313139396430
33663738633635376161633066663739306166663563623662616261306334653436313230383131
64343163653537396531666538363765396566396235323732653265346634353732363834323638
37363332626232623461643961646265326635343939333636343435303032326661323932313665
63313331343061343663356666346163343833333534396136376232343864653735343835393663
61623530356630333339396430613538333161373830343133343461353634393863353861613434
38333565613539613065353563613966613731666137626566333962626633313962346639623034
30383563643266386437343235643762376362306232316431343164653962323161393137653135
32376163303238616238333766636434343266663730393133663139653563663164316334356465
39666237383765303561306538623137643631303364623337616463343834663438396135633865
37666361323363383038326561636365656131333930613936383934646336366436326435313661
34386262366630643062346433383531643930643938613737376466656365373938643465653733
37623934303266393331313161656662653736333932383434356233666465316434636534333134
63623761616230396262383138366565393161663662326361613535326235636663303331386261
31303635343534653238353031613838333732643536653966653933626266613432663838333539
36656263643034313862316336323836316632386463383665343837343266333330633933663537
38363366623266316163633535383931613738306161306636373836616133663762626335383937
36616138653739393232393536656465633832376130643263303665633731376131396135353031
32623931626166626165336535363463343061323165626332376465376331373135363336656364
32366165356364666330643635343661613837383338346634616233313965336137303734313363
64376535353266663963316664303234363561303265343330393933373961316432316661303037
38373566316133373435633365366339326462613765663033393463323936373164666363613564
64636632623362333730313261643937316332646534623937383035643963333339303465306361
30646437313835376339666138303939336238623338653235343666373835353237396233653166
36613162623264346265666237326663333761373964373834306431353937666436316664623135
38613262326130313932623030326264353134613537613530616663393261643632613331626131
65343966323763353661356135393365653364373163323437653236663261353139666338666663
64393233303536333033316338643261646263353263613366376137663536386333656164396664
32366563363063393362343834663534623535383565613863663565306633643230613237356430
36613761353665373861643436643762396164646332363831353164653430663466623061353339
32613262313438333336383464356666336337656561666161663864613733626238636131353166
62353530336665633031623230663830663062383132313439663933373333383231376364666262
34366666336532356435643062653836303831396439363239623165656163366264303339333039
35333733363130646463316537323931306466363361663633326562333934343233393164333466
66383832666162326665376165336334336633356336396461383139663465653735343538303865
64666136363434386530623631316630613934363733656333353832666663636133333030346564
37326234346331323331626666386238376563626439383736363761363932323337613965323262
33323939653139663636353166393463373762663635356265386635633462353166626339303564
34393533333334356433393437376261666435373432396530323236326231393261336430303937
35613161386364613034626563646139653761336361656135343233393838623661643933623930
61376135303036623236643534313336613637323839633563646663313638313732353564663163
61326537633131616431643365316263646332363031623264646537636538636539656366366137
66333034663661303663363133373337663031343534613336366332303036356130303966653165
37633661313538306239643533366437616135646232373864353133383638396637303538366164
65323462666337623863333165303135383564326364393030626534643065303835666438343634
61356338366639346637383266646536343163613436356563353632633235356535313061636539
64613636363434643934623337333363383365346430646136653137383230383566373965646337
36313631383462656631353466623733623863646537323333376164333634356236393962373665
33356362346136323736373438316634313465363137373863306662333161373564666230626436
36613037346164646462663431656331366361633332316631336465636565646235616166303838
62613830653265353664653332313438373335363866353163633763343738366135343539613039
64653464613230663061623731383235633165663436326331663339313430376432623635623061
38393939333336383162653038313561623434383530626165386362656162613362613339353161
37356637363566303765383335383331386438613535343037353666363563303266316235643531
38373164353665323934363038373536396235336166396366393965623761623037316431623361
62623461396636666334643437383438393365653861383161356564373337316633303966343737
62323438333435353164643736623433356133366432636535613663303133363839356136313164
39353363646633303439373034616637653038633035356437353739623437356162326564323864
65343334373861326436343864636238303039303134366231316166653636633739343338363634
3937
